138.233 217.959
100.589 266.008
261.26 247.048
224.417 213.559
288.933 201.585
224.671 217.922
291.196 215.684
226.384 202.512
199.13 205.592
235.063 219.705
177.648 122.095
172.638 161.104
192.766 140.217
153.973 135.975
266.504 84.8378
172.491 140.142
269.774 75.4856
200.352 139.061
211.169 136.235
270.095 26.4058
288.364 77.5041
201.188 133.53
178.685 119.838
284.445 94.908
245.4 80.3678
260.014 217.559
94.4773 68.7606
207.41 -36.6235
221.857 6.61814
159.159 85.0137
intersection number: 30